x0,x1,x2,x3,x4,x5,x6,x7,x8,x9,x10,x11,x12,x13,x14,x15,x16,x17,x18,x19,x20,y0,y1,y2,y3,y4,y5,y6,y7,y8,y9,y10,y11,y12,y13,y14,y15,y16,y17,y18,y19,y20,z0,z1,z2,z3,z4,z5,z6,z7,z8,z9,z10,z11,z12,z13,z14,z15,z16,z17,z18,z19,z20,label
0.0,0.0,0.0,-0.07554424615991528,-0.0582646956648147,-0.04665775230656984,-0.14335133727064028,-0.14922650142914287,-0.08535900116991478,-0.19788158361269673,-0.21949736443711382,-0.12293658961130542,-0.2357947619439358,-0.29883814680740123,-0.15896245483777624,-0.09954190576370084,-0.436667804687119,-0.05117124775535206,-0.1622932256979942,-0.481793272965563,-0.1266164563500147,-0.20410699991570536,-0.4171041750885111,-0.1895502014142165,-0.22422079117464042,-0.3463354368156498,-0.22252370078656644,-0.04320883066436064,-0.48624223461065447,-0.059114495353386254,-0.048744979891900554,-0.7013928498655916,-0.10668078005688923,-0.05196385149007684,-0.8512022753333603,-0.14134074658372425,-0.05769323974138026,-0.9850226339618045,-0.16248661689841587,0.017273700986680768,-0.46154335235717375,-0.0766824740767005,0.04012947497314477,-0.6592022441580984,-0.12319525076871163,0.04802436150376072,-0.7892227313301415,-0.14735747910828195,0.04272809343291076,-0.9079496136452218,-0.15779619626870547,0.07353458083736583,-0.3749960269251465,-0.09808079044610225,0.12383214341143207,-0.5066030393216335,-0.1277004497929971,0.14863508534101275,-0.6005420909372176,-0.12977506261802363,0.16220902356363523,-0.6889400161119571,-0.12668562422150517,ok
0.0,0.0,0.0,-0.07387089591157481,-0.059783162093326216,-0.04786160481061101,-0.14020229284777022,-0.14912429129536728,-0.08725974967230281,-0.19386272800573762,-0.21708876055599477,-0.12530008024113573,-0.23032004257792457,-0.2917405222382204,-0.1613297125132931,-0.09642001936209986,-0.43952083187171037,-0.053261611560989144,-0.15791401419804535,-0.48928118341896126,-0.12938015954688042,-0.20054277245227167,-0.41732188915928,-0.19215760251010572,-0.22091356876854604,-0.33854804874437605,-0.2245275768586713,-0.039239812199276934,-0.48897102185747027,-0.06049361195857292,-0.04346812553789412,-0.7034884079457409,-0.10781647596318905,-0.046691714218882185,-0.8524531143615728,-0.14124501706985962,-0.05241124665567783,-0.9854790058990475,-0.16150600656391356,0.021319193853405707,-0.464998603189367,-0.07746968325406557,0.04524962603738791,-0.6595470931786649,-0.12288162510445043,0.05348518947516867,-0.7878925012760264,-0.14537249295539817,0.04940716807662967,-0.9059847944196523,-0.1546792682792081,0.07762809087102854,-0.3778117274901139,-0.09855743373230093,0.12779246525684992,-0.5074506143945313,-0.12582052367917257,0.15369817773078842,-0.6003482731892528,-0.12571346073322642,0.16986934198119907,-0.6869383816844821,-0.12120261873804992,ok
0.0,0.0,0.0,-0.07323260840814624,-0.05914512314530939,-0.048677738129337476,-0.13997016269030385,-0.14709076219077946,-0.089624714134247,-0.1935826291685479,-0.21573852882481126,-0.1290587618933372,-0.22739949586794825,-0.29428728690629796,-0.16660713078120604,-0.09412091462511817,-0.438100863897239,-0.056062802323819834,-0.1557812968720233,-0.48857906470122425,-0.13193676881040198,-0.19774815730189127,-0.4152637352604803,-0.19378617951479582,-0.21827734837107407,-0.3354074762904753,-0.2256942999032071,-0.03640555758338359,-0.48616873780032643,-0.06381409780260006,-0.04163166899351394,-0.7032579443637947,-0.11237016980733958,-0.045073517829759165,-0.8519546829882528,-0.14680095734465107,-0.05097431941856093,-0.9845164870025767,-0.16771674209785917,0.02387534505968771,-0.45994720837191827,-0.08105009398652636,0.04800217451333293,-0.654698259152095,-0.1278677658468401,0.05662737307159027,-0.783642289423959,-0.15151220298021456,0.05256656955793454,-0.9030906042233188,-0.16160832057733526,0.07940710555900578,-0.37110974941102104,-0.10219576822171601,0.1296042416750682,-0.5030537404434909,-0.13018254061394213,0.1557987855721396,-0.5968150728635468,-0.13035559830745222,0.17208631817245787,-0.6852251744195245,-0.12616839093234747,ok
0.0,0.0,0.0,-0.07349637352464328,-0.05885344783246549,-0.049839089997973283,-0.14043583220558506,-0.14583956999120787,-0.09100035085702773,-0.19392784025262752,-0.21253404196842204,-0.1303291945256641,-0.23116830429144827,-0.28889316692641637,-0.16789789518782233,-0.09542713592933619,-0.43817104143325325,-0.05686583233808008,-0.15830671140383035,-0.48567884024027863,-0.13332384893332241,-0.20003883994856786,-0.41304054144673874,-0.19609585443240027,-0.21979330035032482,-0.3340789763711885,-0.22871329460054665,-0.03831277270484058,-0.48670010138096553,-0.06418559316855506,-0.045193627067820076,-0.7015501788927633,-0.11297910621910769,-0.04926469309928991,-0.8504431260660806,-0.14793442985729355,-0.055171036742855964,-0.98399519171467,-0.16943913180587358,0.022142304178029964,-0.4604635889363503,-0.0811559766761943,0.046334689398791346,-0.6581842189033438,-0.12812260570495965,0.053964585948907524,-0.7866942930354609,-0.15179885954445807,0.04894732866694627,-0.9055777668552762,-0.16218607316145417,0.07765229441820302,-0.37128226787127794,-0.10216446017903995,0.12769968172437243,-0.5015891527683084,-0.1305297476202467,0.15402581208617963,-0.5942337843882955,-0.13075050486975948,0.17048661988486352,-0.682052561060151,-0.12670501437329415,ok
0.0,0.0,0.0,-0.07441376815420549,-0.05401408455572715,-0.05293208319295945,-0.1445114985065852,-0.1403762527982794,-0.09476410933178105,-0.19964942998211613,-0.2099579273144836,-0.13406970117142397,-0.23408522453348524,-0.2920458820229987,-0.17138885919891134,-0.09835069284396222,-0.43221661902266145,-0.05808285508811395,-0.16160562273362922,-0.47888869030359743,-0.13565546931478517,-0.20534283569642514,-0.4081517491590291,-0.19953839419083913,-0.22678961971346945,-0.32821898042688447,-0.23258964837986096,-0.04248943847119477,-0.4820887103589001,-0.06373194484873003,-0.050457476562122974,-0.698303125771271,-0.11339038216675769,-0.05500756543886455,-0.8490231586893996,-0.14896790969333648,-0.061007957158124786,-0.983464498956136,-0.1705157132241745,0.017150422163858026,-0.4583281996065524,-0.07944841787083652,0.03918253989906768,-0.6556808488929002,-0.127720885487316,0.04558824585875762,-0.7836121414382805,-0.15247692455462944,0.039647036508572715,-0.9004505513532397,-0.16305839992051033,0.07252492859253339,-0.37220301837889624,-0.09939048757875474,0.12099461926487833,-0.5033330175327458,-0.12948550130780673,0.14692360498508608,-0.596089250990505,-0.1309231718822525,0.1630575738231543,-0.6837607454488055,-0.12725855220200694,ok
0.0,0.0,0.0,-0.07588759840908975,-0.05438387050792868,-0.0550516497345474,-0.14791247998499502,-0.13852238809399406,-0.09782954187876698,-0.2059054809928739,-0.20904059852435702,-0.13754697754320486,-0.24137228696854818,-0.2905409284681781,-0.17509730925477138,-0.10103578921852396,-0.4300695918282009,-0.0604972183689207,-0.1656730418518505,-0.4732925080707354,-0.1379134154851602,-0.20951466322402226,-0.40241398984539556,-0.20090689636509984,-0.2301532385676537,-0.32402906784657004,-0.23358504157596852,-0.044869365085424585,-0.48294772235215366,-0.06508425603912506,-0.055136766365515726,-0.6958625220356801,-0.11608760914444045,-0.06106355800409551,-0.8467652980629927,-0.1516542175341074,-0.06827576645381471,-0.9824968526818597,-0.17331576438796423,0.014499013287142143,-0.46243154302329825,-0.07977291589861255,0.034164628256340666,-0.6581010235733461,-0.12925970426674321,0.04009871399385682,-0.7865708241874847,-0.15350121529934882,0.03400736541402484,-0.9047830265835778,-0.1636575496970544,0.06967840615991716,-0.3790296259674089,-0.09880100204845416,0.11510781319629938,-0.5125378642202363,-0.12912676802034811,0.14032304763851033,-0.6049157131948961,-0.12986352374411855,0.1561050981016779,-0.6913259546156515,-0.1258549378650064,ok
0.0,0.0,0.0,-0.07947158682832844,-0.05302351299663427,-0.05242602449010506,-0.1522760000636361,-0.13858985960456266,-0.0932410656843092,-0.2120880018724271,-0.20692579416425907,-0.13185833121335538,-0.2503758360803781,-0.2839026477330388,-0.1684490953744233,-0.11026312102941338,-0.42951074401746836,-0.05715126140277727,-0.1762343997829252,-0.47421717557837056,-0.1343846189473569,-0.21997948907421708,-0.39180966656587135,-0.19776742678973272,-0.2413378000985944,-0.30511831167042697,-0.23041462486942368,-0.05360442826350276,-0.48265113895996836,-0.062416692663427004,-0.06225656084615196,-0.6971775975994903,-0.11143030346761873,-0.06979886258271618,-0.8476522804991978,-0.14683641877664702,-0.08063628595065205,-0.9823998221604521,-0.16848851238941126,0.007492023202064198,-0.46320101306341027,-0.07766500779109771,0.029240931679626835,-0.6616092375278106,-0.125090378887671,0.03346224233138371,-0.7924858014379685,-0.14877889657711538,0.023607023695506324,-0.911057789308525,-0.15864660661238358,0.06379407217242385,-0.38322997888407334,-0.09719735786777954,0.11124469988759841,-0.5167448358735012,-0.1267849584780993,0.1348987684359253,-0.6120902009732151,-0.12727496556485005,0.14780741707571263,-0.7010884748100189,-0.12278326436072623,ok
0.0,0.0,0.0,-0.08146976906841462,-0.05450846453470682,-0.04659086044888,-0.1557543528013481,-0.135772526511479,-0.08473494350279508,-0.21393328744117954,-0.19962711867905264,-0.12148396605472402,-0.25506995587234643,-0.27361402478102015,-0.1561211307564389,-0.11384412966372578,-0.42682269360203506,-0.053038663372883675,-0.1823699065674742,-0.474003319291629,-0.12638402015656214,-0.2242823219653982,-0.39723662712711144,-0.18674768572788633,-0.24359707476346565,-0.3180134550978701,-0.21806094014050298,-0.058662902199767664,-0.48052623322930266,-0.06014134534076083,-0.07230278042020066,-0.696628396862293,-0.10758149941732066,-0.08177271856343941,-0.8473289372098096,-0.14151887636189847,-0.09409885869974441,-0.9822369954581551,-0.16234497080212115,0.0023375758416936967,-0.46285243946372817,-0.07649565286349955,0.020408795081961237,-0.6645448239369997,-0.12285786080546403,0.02401495888490278,-0.7962381281904355,-0.1465051593689366,0.014215137762932697,-0.9131683339988624,-0.15647584630275432,0.06065671074748595,-0.38561373277758604,-0.09650742699499001,0.10663968375559403,-0.5235913077758538,-0.12583069626624788,0.12844787166347094,-0.6214753126731711,-0.1274399980160509,0.13928525826822924,-0.7113561581591056,-0.12386660067511863,ok
0.0,0.0,0.0,-0.08124358470808624,-0.051244231677322984,-0.04487086437665657,-0.15341916932420838,-0.13451428714404956,-0.08212363413617252,-0.2111709064608998,-0.19724294572568848,-0.11839835951381047,-0.2542553012107063,-0.2666824904490118,-0.15277978841752873,-0.11472137695525193,-0.42486739621189484,-0.052397634055601876,-0.1827465180334589,-0.4713760161410167,-0.12657357095952204,-0.22528892849887405,-0.3906238436980813,-0.1877465546252187,-0.24542923516140508,-0.30884300932880426,-0.2196115963339042,-0.05933476620810254,-0.47908304619255576,-0.0609504837303797,-0.07328499528100413,-0.6956973645557183,-0.1084103662030009,-0.08275762355571863,-0.8467303618301143,-0.14277902853344637,-0.09505468869925005,-0.9818485475619463,-0.16412810791203689,0.0011258517740177802,-0.4607150494718031,-0.07870341517648831,0.020039943056445696,-0.657349414015335,-0.12469526529120284,0.023847412570869704,-0.7870357642587738,-0.1482816622473351,0.013757774444125216,-0.9033198009999094,-0.1584268281390327,0.05851245060718055,-0.38229834698737364,-0.10006543022203733,0.10418023267318943,-0.5190534116259191,-0.1291500254346095,0.125604454684278,-0.6165426851979273,-0.13056701751383823,0.13557057637719847,-0.7064174359716986,-0.1270439245571959,ok
0.0,0.0,0.0,-0.07983892246855864,-0.05463208952358156,-0.044129295085380674,-0.15210389463024693,-0.13742472497809954,-0.08085245529593524,-0.20978265789382888,-0.20008967779167466,-0.1166647525539216,-0.25156761254779314,-0.2729096241047809,-0.15067105204991285,-0.11142893995268952,-0.42302672160766563,-0.05167860355813023,-0.17987378836521314,-0.4707602343959814,-0.12487210457443663,-0.22224859683094986,-0.39747176381556537,-0.18494184271853287,-0.24194589029990385,-0.322364745254623,-0.21629210775210123,-0.05670642168004078,-0.47556871853566485,-0.06058370380644759,-0.07207357325509124,-0.6919219810102856,-0.10819745017582025,-0.0820064737469134,-0.844673603851708,-0.1428123157754445,-0.09409225022295598,-0.9819032869364623,-0.16435505331857597,0.0028644727290227517,-0.45679968909427815,-0.07852005240803103,0.020156516493502558,-0.6529518924572844,-0.1247453493050299,0.02346538193222686,-0.7826509276875788,-0.1491670023402494,0.01364264949355397,-0.89994851259723,-0.15999473405926945,0.05951059135182845,-0.3786687848381003,-0.09994518090380426,0.10497124212430436,-0.5136996282973226,-0.12947738239657341,0.12658495331706085,-0.6113574065856411,-0.1320453392574049,0.137232085905801,-0.7022160280890967,-0.1295483560461984,ok
0.0,0.0,0.0,-0.07827572160285286,-0.055442211209417384,-0.04546476654988595,-0.14879930160808075,-0.13833652724057888,-0.08322574501324474,-0.2074717909564985,-0.1993188036454814,-0.12006141131430896,-0.2516266942503238,-0.2702319887716755,-0.15545093414989186,-0.11100559394269267,-0.4223131308693344,-0.05280033913983948,-0.17920505255797514,-0.46834129435965255,-0.12811970436848985,-0.2220960079520859,-0.3939515693080984,-0.19021953026922878,-0.24225271047762353,-0.3176244920582832,-0.222740007903372,-0.057010376977541154,-0.47377885360218897,-0.06149153748883494,-0.07316150986079006,-0.6906584016710162,-0.11094583226152953,-0.08297562985802275,-0.8437367596288505,-0.14693423890848636,-0.09475185198179388,-0.9810189012530509,-0.16918629356504322,0.0025342379685501315,-0.4543242240421192,-0.07944984697101735,0.019374656354323568,-0.6500010757415868,-0.12737774792485004,0.022750649696056897,-0.7802614435735096,-0.15264659969842737,0.013439726678113325,-0.8976801048693208,-0.16368310834080885,0.05898021345666627,-0.376437798186129,-0.10095304227425081,0.1032146258950826,-0.5110182659988652,-0.13132476851805763,0.12467889806892361,-0.6089688399611058,-0.13416854816771417,0.13583049387779483,-0.6996737177330971,-0.13176828207655292,ok
0.0,0.0,0.0,-0.07827410147342845,-0.05445345633818778,-0.04618369979263789,-0.14873549256839225,-0.13988440455547657,-0.08420799338054347,-0.2080366209318945,-0.2056307725226574,-0.12138801480124921,-0.252043124952584,-0.2770748493608518,-0.15698201090417857,-0.10984479715771614,-0.42393085673285774,-0.05045756533331182,-0.17776392309784914,-0.47028467848192806,-0.12633491542792724,-0.22079584482935957,-0.40003609338094187,-0.18915822041780134,-0.2404170942634087,-0.3264038774914045,-0.2220414433938314,-0.056258203945614725,-0.4770732051741211,-0.05865775759348601,-0.07264127184918417,-0.6922299234276804,-0.10799013420545009,-0.08300786061280828,-0.8457476926310477,-0.14347498529867417,-0.09493402878803257,-0.9816759341427713,-0.16522678506522548,0.0033974634362315213,-0.45897922456418005,-0.07657368802710518,0.01979730600583123,-0.6543560308502226,-0.12383432886638698,0.022370694617942787,-0.7844316688055272,-0.14777886136205567,0.012550753509476811,-0.9014674556042699,-0.15787595866410917,0.060099963767041326,-0.38234465314136984,-0.09834699807694296,0.10390052650323639,-0.5176060629676232,-0.12771107031828127,0.1244916613199761,-0.6153757329157664,-0.12973297242926446,0.1346314049845142,-0.7057802921894891,-0.1267610564630419,ok
0.0,0.0,0.0,-0.07660690100730619,-0.055069417509122004,-0.04811282815700468,-0.14597847457937016,-0.13725986190114625,-0.08820520036884526,-0.20425386204481014,-0.1986517801765163,-0.12731541701794324,-0.2503890214511611,-0.26814682314754873,-0.16506147367280283,-0.11048306212553116,-0.4270890165870742,-0.05382888103339585,-0.1792110043346748,-0.47325934230906613,-0.12989856622103732,-0.222221164097373,-0.3976757759229885,-0.1931784534752176,-0.2427762628837314,-0.3198427530381806,-0.22641763178138677,-0.055736699639389715,-0.47887815528788513,-0.061654838616850664,-0.07034388863403664,-0.6929347440058766,-0.1111703213847651,-0.0803665467878565,-0.8448738832667723,-0.14787533116250062,-0.09269737524493483,-0.9809233861653792,-0.17086985426501086,0.004104492558597646,-0.4583402007258921,-0.0791016430504665,0.021733919129165332,-0.6543632858984402,-0.12674559102452335,0.024606506216499513,-0.7843578696109349,-0.1521835921227417,0.01522510402101927,-0.9009175523089925,-0.16358926504465957,0.06007109005001893,-0.3785253674715274,-0.10041421188231568,0.10361535436877338,-0.5142226779116172,-0.12983026042953355,0.1254693863469561,-0.6115573592904555,-0.13209225235135016,0.1372828929977334,-0.7010612096335063,-0.12953343813540116,ok
0.0,0.0,0.0,-0.07938653521457487,-0.05383283364282306,-0.0463848618905221,-0.15159112961742158,-0.13515464568640947,-0.08451943339743724,-0.20918226826624028,-0.1986248723837849,-0.12147111074918712,-0.25033661147067404,-0.27450838780143855,-0.1565515791889476,-0.11052800791234593,-0.42529383999880377,-0.052988166612127297,-0.1794899038602074,-0.4730760455624047,-0.1263472814937595,-0.2219739418967757,-0.3998642245872488,-0.18676983008729592,-0.2417830772781591,-0.3243663627252195,-0.2183915266088079,-0.055526895283435206,-0.47839508448542023,-0.060729033803281894,-0.07104503779119965,-0.6947041556963891,-0.10922679207424808,-0.08091949252251303,-0.8461880987540925,-0.14451113303683408,-0.09291312081062761,-0.9816859542990716,-0.16631247431612267,0.004215191286218365,-0.4583168534687647,-0.07761061842524278,0.02287110416120325,-0.6529258512060785,-0.12423993246540385,0.02664591937596149,-0.783263669445449,-0.14856497337562494,0.016931997869471818,-0.9001194744605363,-0.15915314418337598,0.06032684908944316,-0.37876002427701594,-0.09816467962910917,0.10664971833889635,-0.5136417842487833,-0.1270364139731875,0.12835597016111358,-0.6121020236902694,-0.1290225194008738,0.13884898661317396,-0.7030702626762217,-0.12616028261196494,ok
0.0,0.0,0.0,-0.07841379425307307,-0.053007360881233916,-0.046277079878792114,-0.14925065336870935,-0.135689093320688,-0.08469483528664193,-0.20650755323863834,-0.19907620045351299,-0.12211609417589557,-0.25083563835045647,-0.2718858797571839,-0.15763669385476198,-0.11194103057191232,-0.42585764251177566,-0.05200369697225033,-0.17956068082438356,-0.4754955593602907,-0.12565482122235175,-0.22201147604575666,-0.40153442292234365,-0.18664962984871392,-0.24188172596925436,-0.32526475890129614,-0.21862396608659176,-0.05604837403774571,-0.4783496179572651,-0.05983531026974638,-0.07009439431636146,-0.6933650849461936,-0.10751085393230274,-0.07970548030078592,-0.8452258516171349,-0.14269292006815362,-0.0914771726349377,-0.9820802924268492,-0.16477325666961873,0.004346004838709368,-0.4582590454377488,-0.07698790384041367,0.02343974624969983,-0.655027290034643,-0.1228309731724252,0.026647651563752504,-0.784829497685561,-0.14713188243528463,0.016614787361189067,-0.9017812430939374,-0.15802023136754104,0.061240430119198906,-0.37805579927188376,-0.09790702497606159,0.10742522296811853,-0.512294630408871,-0.12651355439796386,0.12839230415931638,-0.6106741529078966,-0.12886565013773163,0.13824356724121714,-0.7021625521719308,-0.12643388951024326,ok
0.0,0.0,0.0,-0.07906266522167624,-0.05512864535573428,-0.046636816549715965,-0.1496600985172494,-0.1393374158822535,-0.08492354769289477,-0.20754594568852824,-0.2040880938808571,-0.122039287968538,-0.25023807950776605,-0.2763033851303861,-0.15722412187766624,-0.11063194168027927,-0.42669806604760724,-0.0535606804701412,-0.17817556156479095,-0.4753953580479258,-0.12823187492902513,-0.22046696242745278,-0.40187947944016805,-0.18945750772177417,-0.2404430277381369,-0.3257383067332074,-0.22149465888763614,-0.05545841464658849,-0.47832036259267713,-0.061092700165189716,-0.06904191387475139,-0.6929858129336205,-0.11036092300412793,-0.0781031063094162,-0.8445956304194513,-0.1461183985753307,-0.09008026497624042,-0.981606352226789,-0.168328592728114,0.004859151791924269,-0.45860842259967954,-0.0778745935261972,0.022949360268426613,-0.6539070415461355,-0.12498802453978071,0.026711364206691377,-0.7837083145788933,-0.14948892737148864,0.017434543457333328,-0.9008847692882394,-0.1602400905827178,0.061812761578720954,-0.3802870023055428,-0.09839468778366482,0.1075014833784382,-0.5146556187522567,-0.1281392580487081,0.12883861527046622,-0.6123076138955121,-0.13093232905336746,0.13947417846364457,-0.7029726318727002,-0.12859105747142852,ok
0.0,0.0,0.0,-0.07744578063050796,-0.05491679073433878,-0.04643214240839411,-0.14810528366564757,-0.13758350663576646,-0.08496986554779071,-0.20568424926609508,-0.20112019687945026,-0.12251327810290603,-0.24870389187735145,-0.27405976711014096,-0.15811781772233635,-0.10893971140664309,-0.42550055379693685,-0.053352430917094164,-0.17687471251500153,-0.4744370914136689,-0.1287139571342185,-0.22054407220289557,-0.40054302529517805,-0.19072762971582927,-0.24127062949171077,-0.3234395021963528,-0.22305374790048804,-0.05457056365454044,-0.4777445498351433,-0.06085428722305413,-0.06854801275306988,-0.6923635301734673,-0.10993826519836618,-0.07804440910737191,-0.8455355038118278,-0.14522477699539088,-0.08969869305938075,-0.9818654194197971,-0.1670162944476522,0.00519495277416299,-0.45900823117686634,-0.07768301246927141,0.02344837848180402,-0.6540639895871151,-0.12424620495380705,0.02650957026239148,-0.7827092853519798,-0.14759763882221608,0.01675994766985695,-0.897902478512759,-0.15743050593188943,0.0619638212435874,-0.38137077808020436,-0.09835821695137664,0.10762012019735213,-0.5156655398784701,-0.12748536910429234,0.1287411062216553,-0.6132204326318098,-0.12934311762240028,0.1393055687819225,-0.7032558670975697,-0.12614256634903961,ok
0.0,0.0,0.0,-0.07873199152436104,-0.05342829394943284,-0.04840441944039893,-0.15015120024606401,-0.13731885291730614,-0.08767085136224884,-0.20800627016645185,-0.2020548983890662,-0.12545192530495144,-0.2497437326911562,-0.2761163216852337,-0.1613038109326657,-0.11116880276233668,-0.4251305677365256,-0.054978837114190784,-0.1774292885277118,-0.4721069978304018,-0.131451519014571,-0.2179059568188299,-0.3963175161274079,-0.1943087493641923,-0.23667469485707168,-0.3180925482194726,-0.22713175076088093,-0.05528838273669443,-0.4779651137560391,-0.06207225613105909,-0.0690093821313338,-0.6944747210036942,-0.11107542643320258,-0.07714384281395965,-0.8456890327759281,-0.14676993309154063,-0.08807058793809353,-0.9816785621455784,-0.16896973742072408,0.005950594213307685,-0.45875300868055274,-0.07880531197413719,0.023835604758161617,-0.655964045727254,-0.1263065200642189,0.027987900609601792,-0.7850956413610417,-0.15092883823764333,0.01836549330741915,-0.9015621436992377,-0.16171591989397688,0.0639260828905667,-0.3802035373640882,-0.0994311257388385,0.1097750969090269,-0.5145192304619474,-0.12982585283740872,0.1316222629694607,-0.611716606358941,-0.13265258336756974,0.1418990681996424,-0.7018376826081825,-0.1301980468427187,ok
0.0,0.0,0.0,-0.07785763401940435,-0.0527100440114263,-0.046571973336643056,-0.1472060411728873,-0.1358321064343222,-0.08568986000278553,-0.20328037180595582,-0.19805629140067052,-0.12391019494694097,-0.24957980346998784,-0.26487714021407893,-0.1605794333000278,-0.11096404818769591,-0.42530513742126597,-0.05372283920511246,-0.17807438610905715,-0.4734822031149346,-0.1295267737293785,-0.2210971765460081,-0.3982181467180168,-0.19256014869060104,-0.24192068507012923,-0.3205876646679484,-0.2256505247889115,-0.055611884489103036,-0.4776083304739159,-0.061716011673346255,-0.06844389630937601,-0.6933081065503646,-0.11039391374963353,-0.07791364409403513,-0.8451401131371327,-0.1464065506653299,-0.0900465672050276,-0.9815064934500163,-0.16892785161140159,0.00487266904815733,-0.4581821695894724,-0.07903591499782864,0.02384960838958985,-0.6576705556205636,-0.12553954357630454,0.02682996669411011,-0.7881787488776892,-0.15004041170172283,0.01646768799797341,-0.9051369900662536,-0.16092405084254774,0.062195038983068246,-0.3794203877542226,-0.10014373947717625,0.10843560820755774,-0.5132406434245151,-0.12910474041009457,0.13018058618171569,-0.6098271647603899,-0.13126145241575607,0.140700522865702,-0.6988778935829543,-0.1285164271817505,ok
0.0,0.0,0.0,-0.07996787084155288,-0.05437929664509988,-0.04594812276379948,-0.15056650648302758,-0.13994775070597484,-0.0843019009686671,-0.2071169961948387,-0.2046186264374135,-0.12163849407252905,-0.24764698357313983,-0.27836626671391634,-0.15706335013177516,-0.11169688270847764,-0.42680067606628175,-0.053811128280393666,-0.17854297988577128,-0.4730103165160727,-0.12915182143125292,-0.21913385776420688,-0.39620456836470846,-0.19099895832057842,-0.23812916315772084,-0.31805303170401117,-0.22319891611464573,-0.055104404890975844,-0.4772551952158618,-0.061550009364620885,-0.06699447580908864,-0.6921207786937139,-0.11054753995558712,-0.07505304170262546,-0.8446811779152411,-0.14607411258821307,-0.08625472460013421,-0.982022606049621,-0.16790391207969516,0.006006881408090333,-0.4562492638166357,-0.07847409521613546,0.02420017783079177,-0.6534548979412425,-0.12554686108762672,0.028334121166468135,-0.7842627470059577,-0.1496671814664822,0.01900098644102439,-0.9015029118227318,-0.15985111761397006,0.06279328952924343,-0.3761473718997233,-0.09903801529610727,0.1091199595577492,-0.5098190111915002,-0.12927367990035152,0.1309677189062472,-0.6070226637208157,-0.13192955670000325,0.14188596917887222,-0.6972310875128864,-0.12903448197721942,ok
0.0,0.0,0.0,-0.07995024368779671,-0.05401746689781853,-0.045186385472352174,-0.1510557730155818,-0.13918862081367606,-0.08251598659107036,-0.20861485038286934,-0.20468854236020226,-0.11864641533776121,-0.24955353685545073,-0.2780597035793845,-0.1527393581304105,-0.11043015075870642,-0.4269180966562123,-0.051932196224671885,-0.1781375963985334,-0.4756318354078238,-0.1255274424680593,-0.22055623698753554,-0.4018738957832288,-0.18565944157755407,-0.24038561412518628,-0.32422975656240566,-0.21659177794125126,-0.05443613436342203,-0.47868949167345215,-0.05965846227326135,-0.0674608646523816,-0.6960406440159458,-0.1072686990847493,-0.07581501810277083,-0.8472522728624108,-0.14086985196443688,-0.08711342137308573,-0.9830691067579924,-0.16120292539131548,0.006504067746273549,-0.4599488684358531,-0.07658336638160362,0.024698415256200854,-0.6583265501779194,-0.12248095777775873,0.028643607012716593,-0.7891021294235294,-0.14531941628715028,0.019160435171920683,-0.9074762716504492,-0.15467497986587792,0.06373218556880843,-0.381504849623688,-0.09716933488186671,0.1089817735746442,-0.5175212632573148,-0.1255206406823824,0.13143677003684018,-0.6134713356880802,-0.12638096903056217,0.14310785393881306,-0.7025995942393828,-0.12238794368376034,ok
0.0,0.0,0.0,-0.07883997638819863,-0.04968724565941042,-0.05012884396967403,-0.1508433095643711,-0.13151368285870174,-0.09102599534856227,-0.20912340275623997,-0.1942225741415618,-0.13016594738116422,-0.2512088335842687,-0.2667757096689637,-0.16740607860761147,-0.11198460729857045,-0.4218852203126408,-0.06051556652268373,-0.17898324099372853,-0.47285586010569575,-0.13675282279193407,-0.22185957709336346,-0.3957371675240234,-0.19828081086649274,-0.24285614940679043,-0.3156414619833016,-0.2302695805962858,-0.05580616530460811,-0.47401027278962143,-0.06721253420384538,-0.0700055561526651,-0.6916452506715162,-0.11762023077963822,-0.07925630825503673,-0.8432814490344417,-0.15329548973905024,-0.09132392961441918,-0.9802737116215362,-0.17528088938477593,0.005165626154216706,-0.45297486510646934,-0.0832065080088809,0.022585064210570566,-0.6504438986835873,-0.13175510480379704,0.026924081608111217,-0.7816725017415448,-0.15657878796786381,0.017598373066323898,-0.9006580978994257,-0.16735465045166836,0.06315706397702657,-0.3721116390329006,-0.10304208415584644,0.10916006492415425,-0.5091729857756822,-0.1337487059810974,0.1308284264961327,-0.6082614316293233,-0.13643962127688952,0.14132097086431156,-0.7009573877131307,-0.1339106896653709,ok
0.0,0.0,0.0,-0.07845861041762608,-0.05236828651501974,-0.04779847257729986,-0.15103603397800688,-0.1337635833920193,-0.08691493800258131,-0.21009576067962757,-0.19560955219045856,-0.12463485726974502,-0.2521911664367123,-0.2686599794946062,-0.1602259536440335,-0.11265532249011471,-0.4260985983993916,-0.05508974324111128,-0.18040925390838694,-0.47361620026632856,-0.1296724643499392,-0.2230079293976888,-0.3963457252438384,-0.19067058175161491,-0.24323410082897626,-0.31763024462130984,-0.22251183415669906,-0.05779371238611791,-0.47983781437748535,-0.06236987904256255,-0.07282554215416508,-0.6945346304166351,-0.1110073745750831,-0.08235255643597084,-0.8456453396002245,-0.14562930815742114,-0.09421104159399116,-0.9814599385925218,-0.16691515383493158,0.0029014195502842523,-0.45991862654333643,-0.07902026198469642,0.02062176509099728,-0.6570785683177144,-0.12616980130189936,0.02475262972461203,-0.7859400513463317,-0.14993813524033583,0.01526223676790187,-0.9021274042700093,-0.15998488061812854,0.0612262192896734,-0.3792484110660605,-0.09950241152957441,0.10766872740508392,-0.5140036874393672,-0.12966705970914452,0.12901588645334475,-0.611857847625906,-0.13201070730618567,0.13892896138989236,-0.7022047403536927,-0.1290314348819962,ok
0.0,0.0,0.0,-0.07742889019165236,-0.05400843536186694,-0.04699538566780351,-0.14860516576773242,-0.1342653685455952,-0.08591587404329515,-0.20884919270397756,-0.19585194599734967,-0.1238261674382276,-0.2527705992137841,-0.2644719282207799,-0.1597466156243661,-0.11342070618837288,-0.424633211295625,-0.053706284410371584,-0.18083783000403217,-0.4721671134867163,-0.12768740586083974,-0.2233568474292834,-0.39092645486186134,-0.1883868894227308,-0.24292457535705375,-0.30837569266971254,-0.2198776327803203,-0.05945049529173273,-0.47807250964690196,-0.06110972431594364,-0.07289271397818016,-0.6920132939720397,-0.10931064600449111,-0.0827806248332427,-0.8446180490608165,-0.143682074819425,-0.09442572621932459,-0.9817946155754722,-0.16481236317389528,0.0005936398729148262,-0.4589762683752353,-0.07786418834649296,0.019687405065862307,-0.6566190898911793,-0.12446502154025346,0.023661717749982037,-0.7863204005452253,-0.14852375014111494,0.014510852993651426,-0.9024253308200705,-0.15873015951767075,0.05829803540289104,-0.38011099460161274,-0.09841572554097161,0.10473152694321602,-0.5152397408455895,-0.12759361148310883,0.12521189621888426,-0.6134665574086404,-0.12970070288812724,0.13490099858678886,-0.7031922219542694,-0.12668637366116572,ok
0.0,0.0,0.0,-0.08014126576597583,-0.052537996612589066,-0.04888071535127412,-0.15248722825963273,-0.13211208391529677,-0.08893407796435317,-0.21078047871915573,-0.19350503062756413,-0.12766055379315952,-0.2508131897862856,-0.26206447919811293,-0.1644886395613563,-0.11031579891199812,-0.4202115899987649,-0.05630546619246453,-0.17762171506677205,-0.4658207143926612,-0.13320575633194226,-0.2214500598415302,-0.3871649945435591,-0.19636065056593455,-0.24232962616582576,-0.3054511584762201,-0.2293610932133212,-0.05646177102135725,-0.4747178628173228,-0.06361005292370735,-0.07219005024530578,-0.6898850094149053,-0.11309066753799964,-0.08287189412878654,-0.84343198755031,-0.1488195101262733,-0.09540216891431524,-0.980623173152887,-0.17110411579505375,0.003602933175958359,-0.4564360954519222,-0.08055658980367288,0.02113358066149682,-0.6533532135952026,-0.1279836749720994,0.024316952225319256,-0.7826033081836532,-0.15257020184493125,0.014160088480123272,-0.8971463333175933,-0.1632853174846489,0.06148527809000868,-0.377889246250793,-0.10153648019821648,0.1080789270184369,-0.5134663330417057,-0.13145630343025205,0.12788730509315538,-0.6130168188559704,-0.13412291296669918,0.1361585889835403,-0.7048408892617778,-0.13163590393246288,ok
0.0,0.0,0.0,-0.07875300551973936,-0.0532045851540676,-0.04766065713749005,-0.1507752441308468,-0.13587423867917567,-0.08743946099123558,-0.21131873009467966,-0.19704506385657286,-0.12648107433363776,-0.246675298369994,-0.2585725002776623,-0.1634522018168759,-0.1137625394631903,-0.42526704332921034,-0.053328779435013476,-0.17960890567523433,-0.4736576856260719,-0.12998691916144384,-0.2216296143865647,-0.38255324424084536,-0.19248749339740245,-0.24136417991805906,-0.28941767372752575,-0.22450112732354807,-0.057519601798253384,-0.4782443570380487,-0.06128521084703447,-0.07221928614642513,-0.6934707246027741,-0.11021301620716852,-0.08179331460399308,-0.8450793917622125,-0.14472111385990213,-0.09347436664145926,-0.9817783518672965,-0.16545032664130066,0.0037678454506082882,-0.45782952183406483,-0.07906588684644265,0.02069575795096408,-0.6545052052311736,-0.12703329142699604,0.02523768561896619,-0.7833433485762055,-0.15082667833906058,0.016574596538153026,-0.8998809012193577,-0.16008038226590074,0.06189347011029078,-0.37621008481741636,-0.10074674731596533,0.10632508914137957,-0.5125344898413222,-0.1303578829006861,0.12805201275469205,-0.6097659922685489,-0.13126808856242173,0.13904321820783985,-0.6998810253865518,-0.12690227824340164,ok
0.0,0.0,0.0,-0.07661768944670008,-0.05520109215263391,-0.04807380421999813,-0.14846063902091688,-0.13034443771283397,-0.0889955797285849,-0.20876793111399017,-0.18624564047183798,-0.1292741376569196,-0.25265031019648504,-0.24691631445334372,-0.16797552263060975,-0.11624950767644336,-0.4240276654601327,-0.054640785792910304,-0.18151217169087674,-0.4700342919003795,-0.13178901408805757,-0.22208175796390237,-0.38057731567612385,-0.19545816975023203,-0.24117617195189062,-0.2896827728083766,-0.22850855313134785,-0.059375567501240345,-0.47798230866468366,-0.06280738050798033,-0.07299755872164124,-0.6934360016449503,-0.11171035688207237,-0.0826958520018706,-0.8453280039266367,-0.14780364389468162,-0.09396425463002912,-0.9808897222836874,-0.17037039522773195,0.0022632467410883756,-0.45739025509272796,-0.08073110821808581,0.02117217325766782,-0.6559558070914906,-0.12928127874378184,0.02409834013466838,-0.7841344164344634,-0.1554372462233229,0.014208567585011982,-0.8994606706817893,-0.1668729543151108,0.061276310462226515,-0.37513882921282937,-0.1024197899609534,0.10801584743765003,-0.5084057664090493,-0.13337888087341748,0.12892050757517687,-0.6051161757083765,-0.1363577729903068,0.13930460346133627,-0.6958019354072476,-0.1337674696362714,ok
0.0,0.0,0.0,-0.07513479420149442,-0.05725030001302112,-0.04683057144236961,-0.14445822031922342,-0.13334858465014182,-0.08735854692567666,-0.20446881815114473,-0.1879396262658843,-0.1274192312265297,-0.24378064330309823,-0.24406444216935014,-0.16580632096641088,-0.11097062563139515,-0.4226547192541883,-0.053401242902058665,-0.17644287943850426,-0.46558727864935184,-0.1308083263969348,-0.21833136481024515,-0.3734848868512974,-0.19487274360032533,-0.2388773386102761,-0.2810944603830171,-0.22800174132245998,-0.05489173204174402,-0.47565557807075004,-0.06164108909372546,-0.06833627716722404,-0.6906854436202091,-0.11133649049731202,-0.07835410853395751,-0.8429515162389248,-0.14768862510671546,-0.09082963601618675,-0.9812604081390255,-0.16993524837419796,0.006026722556536498,-0.4556745158836297,-0.07933496564635459,0.02698713361611224,-0.6505816264374266,-0.12721198676868428,0.03125920020452984,-0.7790711757118882,-0.15163031189920465,0.021897866797606292,-0.8957231250794352,-0.1613854846774462,0.06282286173372091,-0.37472391116981185,-0.10081553472533003,0.10995578898662171,-0.5069747510608129,-0.12904674850524878,0.13210511790306936,-0.6021785262099593,-0.12913726298711808,0.14389077755515764,-0.690924663232443,-0.1244335059863839,ok
0.0,0.0,0.0,-0.07502952102430262,-0.050633027781768127,-0.052057383785781446,-0.14555688581104004,-0.12718692001605492,-0.09462425580519568,-0.20546536071492247,-0.18350985337588713,-0.13548977275133176,-0.24711440853981514,-0.2444763417042963,-0.17411373922128123,-0.11280279866893694,-0.42114631529705865,-0.060024321761561784,-0.17797450589978664,-0.4676527707698396,-0.13731941556471014,-0.2186231319000829,-0.375466371530805,-0.2000844931713202,-0.23868559922097785,-0.2828497898750864,-0.23238823309595724,-0.05658828820467253,-0.47483510382996946,-0.06589032423551501,-0.07027042161823098,-0.6898923558343654,-0.11644377652705681,-0.07952218187263202,-0.8412757982598633,-0.15298091188958415,-0.09168071815685053,-0.9802211064724488,-0.1753887919571046,0.004112948489648884,-0.4542518350516399,-0.08133467803833984,0.024805775481824402,-0.6479224257797533,-0.12985055655412037,0.029559043480376215,-0.7766780976293947,-0.15463459327118612,0.020218573584146995,-0.893676929443794,-0.16483082222095014,0.06091447010911726,-0.3724081853269771,-0.100908184418966,0.10761496179671722,-0.5053207734468593,-0.13014821636451301,0.13048594851098935,-0.6006666086379864,-0.13116828693612867,0.14254055156737658,-0.689762207075383,-0.12719822083205964,ok
0.0,0.0,0.0,-0.07511336167102266,-0.05172189564680393,-0.04948593329737703,-0.1447127803942686,-0.13044606976736667,-0.09127970600891254,-0.2057121013977304,-0.18479585198335038,-0.13210386625468934,-0.2481900505825137,-0.23396591188336033,-0.17131360626163497,-0.11263080296876085,-0.42210970499539546,-0.05697492113984732,-0.17871328447634924,-0.46139837614629486,-0.13604188581759563,-0.2196379266128785,-0.3644848292455395,-0.20138152851793983,-0.23836378834664068,-0.26769300499257015,-0.23516327023949926,-0.05705253131344957,-0.4765808998694,-0.06459417895206589,-0.07206445733579524,-0.6891000665202704,-0.11399463874503073,-0.08229179466282392,-0.8418194950614055,-0.15045927730284558,-0.09411795586862419,-0.9803903190761645,-0.1731376118723146,0.003943224807712916,-0.4572554662648583,-0.08194712184841656,0.023288962741872615,-0.6542494671722004,-0.12972131075215296,0.02754925541438296,-0.7829897665918155,-0.155019433408187,0.019054709209635676,-0.89945689956427,-0.16584240315272966,0.06157104546033788,-0.37609280932162825,-0.10336442451133636,0.10855743412464176,-0.5077619953723931,-0.13245234641568962,0.13090604291390268,-0.6030375046890841,-0.13373547155112656,0.14300008694176172,-0.6920763815854897,-0.13001750597276296,ok
0.0,0.0,0.0,-0.075550415748437,-0.051415137137494744,-0.05071469554688395,-0.1446484544208471,-0.1289643570431283,-0.09315696594282627,-0.20425633257044404,-0.17990477431823557,-0.1343265202928165,-0.24872520417255597,-0.23022187635391722,-0.17397314640556413,-0.11113306680068391,-0.42060841149959594,-0.06028351965159575,-0.17673053732807045,-0.4603205776804148,-0.13936020160682763,-0.2188190411918222,-0.3656301886905769,-0.2041343912278964,-0.23905384615764524,-0.2703180344826316,-0.2377234177775184,-0.054907593504286374,-0.47358814015568207,-0.06768808774023743,-0.06907039662556885,-0.6863697449783596,-0.11848640035257653,-0.07959333635269884,-0.8395955007003544,-0.15605444787761755,-0.0924718951444751,-0.9793788515423889,-0.17962743042169402,0.0062172388420559345,-0.4530564027726691,-0.08463410914048035,0.025654816176551288,-0.6524658186811009,-0.1337575333005938,0.029616980670134886,-0.7837121687762609,-0.16054121708634606,0.02015368718350389,-0.9025162394133408,-0.1725168109592047,0.0637360499263598,-0.37087587417038487,-0.10550838185954908,0.1118923189097157,-0.5040751994591001,-0.13588807635299305,0.13389456151730525,-0.601778003213483,-0.13842644293105513,0.14498641073559204,-0.6932675981812372,-0.13573244129580142,ok
0.0,0.0,0.0,-0.07464685283349966,-0.05178250131457371,-0.051438766123633836,-0.14432895837222642,-0.12954178219924287,-0.09416823489096893,-0.20512342483098725,-0.18423370920566928,-0.13548199727777113,-0.24648381593230256,-0.23689736441593726,-0.1746944405092978,-0.11069811395738388,-0.4222077589776072,-0.05889934434465714,-0.17468353019208546,-0.46357026254002204,-0.1376997207681447,-0.2143378255766352,-0.3652873916049854,-0.20222019506145414,-0.23304840876922633,-0.26618679213068064,-0.2353724511095191,-0.05335772749005385,-0.47510594889336,-0.06547652418006795,-0.06597751857496142,-0.6890155631480962,-0.11518042173661583,-0.07588166363131332,-0.8417024223370106,-0.15150587773504168,-0.08871919277979265,-0.9807337146975288,-0.17404104598653747,0.008558352765652878,-0.4533221469885435,-0.08188118863138183,0.0292219320064426,-0.6524625152279211,-0.13017798100190403,0.03418353637128698,-0.7824102506223561,-0.15523470647800972,0.024879536360955835,-0.9003891420911749,-0.1657225734834199,0.06639300360682195,-0.3696676054564972,-0.1023928510050534,0.11597040467417755,-0.5033844866868356,-0.13171021086549337,0.13889205025999696,-0.6017062578201676,-0.1329662622020452,0.1498350109428831,-0.6943650359801834,-0.1291702211297044,ok
0.0,0.0,0.0,-0.07492662235519676,-0.047869373583074346,-0.05503212567230927,-0.14539471978777951,-0.12299263807923966,-0.10038280944723843,-0.2055026619848613,-0.1783077688577214,-0.1436818542171252,-0.24404092105234487,-0.23604052294507144,-0.18457308078097448,-0.10888265146500764,-0.4199365188813295,-0.06452687931717647,-0.17323678827920563,-0.46131989088195274,-0.1448961310108421,-0.21317299139775986,-0.36290047360889416,-0.20977072911287428,-0.23214939521236694,-0.26458187208166295,-0.24292688043726363,-0.051826957409456954,-0.4738709368714203,-0.06940124347302622,-0.06460921093846243,-0.6876815364249337,-0.12039003497420432,-0.07392931802058021,-0.8412531333117897,-0.15685097531159226,-0.08629946147021347,-0.979988304411801,-0.17937482032335153,0.010058685293513878,-0.4535362980648133,-0.08420447979048573,0.03108833550707004,-0.6530447438477625,-0.13278311914967383,0.03632118708156489,-0.7831990547529172,-0.15733393931437128,0.026899029775099333,-0.8993671612338061,-0.1674901226926892,0.06791931078092875,-0.37193397592787386,-0.10345022495767303,0.11790509491390937,-0.5067779678585755,-0.13279431947041564,0.1404672473372528,-0.6049339268407524,-0.13395537223709428,0.15101350020969445,-0.6963314759803241,-0.12996863671481998,ok
0.0,0.0,0.0,-0.07477359754029586,-0.05278569778527807,-0.04836846851298526,-0.14254509180458377,-0.12997227076108142,-0.09054930603419546,-0.20192850492803183,-0.17966576407046078,-0.13176945146442426,-0.24868257952555,-0.22895308575229523,-0.17146208962189824,-0.11090151907786995,-0.41738002788771833,-0.06005350578227615,-0.1759186906593109,-0.4581725018591136,-0.1387987560084626,-0.21766885311562756,-0.363768430805578,-0.20327766099892122,-0.23883992491000677,-0.269526522627682,-0.23651703720320338,-0.054334908739573765,-0.4673012728913885,-0.06822676697920027,-0.0676133574311296,-0.6816338618166491,-0.11962563327671524,-0.07791778383051025,-0.8369565422430884,-0.1571342707944859,-0.09142403517891999,-0.9793420447814668,-0.18036298155347466,0.006852324303190579,-0.4454812947816355,-0.08546510874522184,0.027626805431879196,-0.645785266087177,-0.13440836942323417,0.03183784201707783,-0.7766901007895939,-0.16003849985655785,0.021810957736092342,-0.8941550119194166,-0.17088997114840696,0.06394048551178717,-0.36410162404282875,-0.10636423156250116,0.11271257568113999,-0.49916469811511976,-0.13608015808231685,0.13537471014536967,-0.5977073369891904,-0.13735905086153039,0.1468034726108601,-0.6896099615977558,-0.1335205251309791,ok
